node_name	 x		 y		  z
  2.0000000e+000 -2.4000000e+000  2.4000000e+000  0.0000000e+000
  3.0000000e+000  2.4000000e+000  2.4000000e+000  0.0000000e+000
  4.0000000e+000  2.4000000e+000 -2.4000000e+000  0.0000000e+000
  5.0000000e+000 -2.4000000e+000 -2.4000000e+000  1.8000000e+001
  6.0000000e+000 -2.4000000e+000  2.4000000e+000  1.8000000e+001
  7.0000000e+000  2.4000000e+000  2.4000000e+000  1.8000000e+001
  8.0000000e+000  2.4000000e+000 -2.4000000e+000  1.8000000e+001
  9.0000000e+000 -2.4000000e+000  0.0000000e+000  1.8000000e+001
  1.0000000e+001  0.0000000e+000  2.4000000e+000  1.8000000e+001
  1.1000000e+001  2.4000000e+000  0.0000000e+000  1.8000000e+001
  1.2000000e+001  0.0000000e+000 -2.4000000e+000  1.8000000e+001
